sparsity lambda prop
0.2000 0.1000 0.0153
0.2000 0.0100 0.0004
0.2000 0.0010 0.0000
0.5000 0.1000 0.1436
0.5000 0.0100 0.0093
0.5000 0.0010 0.0012
1.0000 0.1000 0.5467
1.0000 0.0100 0.1465
1.0000 0.0010 0.0233
1.5000 0.1000 0.8397
1.5000 0.0100 0.4505
1.5000 0.0010 0.1410
2.0000 0.1000 0.9629
2.0000 0.0100 0.7611
2.0000 0.0010 0.3845
2.5000 0.1000 0.9942
2.5000 0.0100 0.9229
2.5000 0.0010 0.6529
3.0000 0.1000 0.9993
3.0000 0.0100 0.9818
3.0000 0.0010 0.8486
3.5000 0.1000 1.0000
3.5000 0.0100 0.9970
3.5000 0.0010 0.9529
4.0000 0.1000 1.0000
4.0000 0.0100 0.9999
4.0000 0.0010 0.9880
6.000 0.100 1.000
6.000 0.010 1.000
6.000 0.001 1.000
8.000 0.100 1.000
8.000 0.010 1.000
8.000 0.001 1.000
