sparsity lambda prop
0.2000 0.1000 0.0031
0.2000 0.0100 0.0000
0.2000 0.0010 0.0000
0.5000 0.1000 0.0591
0.5000 0.0100 0.0048
0.5000 0.0010 0.0003
1.0000 0.1000 0.3892
1.0000 0.0100 0.0755
1.0000 0.0010 0.0152
1.5000 0.1000 0.7505
1.5000 0.0100 0.3270
1.5000 0.0010 0.0950
2.0000 0.1000 0.9327
2.0000 0.0100 0.6468
2.0000 0.0010 0.3055
2.5000 0.1000 0.9878
2.5000 0.0100 0.8738
2.5000 0.0010 0.5876
3.0000 0.1000 0.9977
3.0000 0.0100 0.9680
3.0000 0.0010 0.8069
3.5000 0.1000 0.9999
3.5000 0.0100 0.9952
3.5000 0.0010 0.9318
4.0000 0.1000 1.0000
4.0000 0.0100 0.9994
4.0000 0.0010 0.9828
6.0000 0.1000 1.0000
6.0000 0.0100 1.0000
6.0000 0.0010 0.9999
8.000 0.100 1.000
8.000 0.010 1.000
8.000 0.001 1.000
