sparsity lambda prop
0.2000 0.1000 0.1209
0.2000 0.0100 0.0190
0.2000 0.0010 0.0022
0.5000 0.1000 0.3753
0.5000 0.0100 0.1071
0.5000 0.0010 0.0261
1.0000 0.1000 0.7602
1.0000 0.0100 0.3931
1.0000 0.0010 0.1624
1.5000 0.1000 0.9373
1.5000 0.0100 0.7104
1.5000 0.0010 0.4325
2.0000 0.1000 0.9843
2.0000 0.0100 0.9007
2.0000 0.0010 0.6876
2.5000 0.1000 0.9976
2.5000 0.0100 0.9704
2.5000 0.0010 0.8578
3.0000 0.1000 0.9998
3.0000 0.0100 0.9949
3.0000 0.0010 0.9543
3.5000 0.1000 1.0000
3.5000 0.0100 0.9995
3.5000 0.0010 0.9885
4.0000 0.1000 1.0000
4.0000 0.0100 1.0000
4.0000 0.0010 0.9978
6.000 0.100 1.000
6.000 0.010 1.000
6.000 0.001 1.000
8.000 0.100 1.000
8.000 0.010 1.000
8.000 0.001 1.000
