sparsity lambda prop
0.2000 0.1000 0.0011
0.2000 0.0100 0.0000
0.2000 0.0010 0.0000
0.5000 0.1000 0.0371
0.5000 0.0100 0.0052
0.5000 0.0010 0.0005
1.0000 0.1000 0.3039
1.0000 0.0100 0.0783
1.0000 0.0010 0.0131
1.5000 0.1000 0.6839
1.5000 0.0100 0.3187
1.5000 0.0010 0.1015
2.0000 0.1000 0.9037
2.0000 0.0100 0.6349
2.0000 0.0010 0.2989
2.5000 0.1000 0.9818
2.5000 0.0100 0.8667
2.5000 0.0010 0.5731
3.0000 0.1000 0.9967
3.0000 0.0100 0.9639
3.0000 0.0010 0.8037
3.5000 0.1000 0.9998
3.5000 0.0100 0.9937
3.5000 0.0010 0.9286
4.0000 0.1000 1.0000
4.0000 0.0100 0.9997
4.0000 0.0010 0.9826
6.000 0.100 1.000
6.000 0.010 1.000
6.000 0.001 1.000
8.000 0.100 1.000
8.000 0.010 1.000
8.000 0.001 1.000
